8194	7958
8247	8087
7987	7705
8330	8055
8249	7947
8306	7948
8310	8050
8173	7923
8246	7925
8103	8032
8314	7903
8234	7768
8283	7901
8312	7853
8193	7875
8082	8043
8129	7846
8090	7793
8086	8112
8119	7968
8003	7794
8250	7909
8120	7865
8384	7923
8020	8067
8202	7842
8116	7948
8120	7654
8008	7924
8131	7941
8005	7718
8146	7934
7990	7836
8130	7939
8176	7982
8174	8027
8045	7789
8107	8001
8273	7985
8325	7886
8235	8053
8043	7969
8151	8024
8223	7799
8171	7970
8150	7909
8182	7774
8123	7882
8076	7932
8281	7886
8062	7990
8162	7674
8173	7797
8315	7824
8036	8035
8059	7891
8322	7946
7981	7755
8086	7946
8202	7939
8123	7942
8230	7931
8299	7987
8319	7717
8300	8095
8175	7901
8040	8335
8157	7863
8072	8076
8093	7748
8138	7854
8003	7877
8134	8016
8059	7758
8029	7931
8253	7848
8190	8027
7995	7808
8114	7924
8247	7957
7988	7807
8248	7886
8193	7855
8294	8079
8109	7981
8141	8058
8234	7807
8221	7941
8155	7911
8177	7911
8098	7955
8270	8003
7945	7816
7897	8098
8137	7794
8088	7844
8337	8003
8292	7899
8170	7807
8139	7800
1375	6196
1346	6197
1342	6126
1415	6343
1515	6393
1336	6331
1271	6079
1380	6377
1263	6194
1365	6131
1256	6233
1253	6292
1388	6298
1564	6263
1256	6110
1227	6251
1295	6361
1394	6107
1341	6112
1276	6255
1500	6333
1334	6087
1321	6090
1197	6065
1368	6259
1255	6186
1218	6175
1329	6123
1253	6060
1352	6261
1354	6259
1349	6489
1233	6099
1656	6274
1436	6199
1312	6098
1383	6168
1373	6111
1310	6247
1174	6225
1369	6206
1568	6176
1364	6185
1260	6142
1156	6144
1265	6241
1470	6209
1441	6162
1611	6170
1607	6092
1251	6287
1135	6253
1410	6335
1450	6166
1267	6188
1169	6242
1514	6176
1427	6175
1313	6062
1363	6067
1366	6290
1366	6132
1244	6198
1318	6113
1318	6181
1506	6312
1459	6287
1481	6287
1317	6113
1318	6147
1210	6201
1404	6135
1536	6353
1416	6279
1388	6209
1343	6326
1212	6193
1552	6239
1412	6384
1333	6273
1339	6160
1207	6092
1446	6046
1409	6173
1456	6118
1204	6191
1331	6081
1491	6265
1292	6108
1313	6287
1269	6273
1403	6124
1256	6246
1430	6204
1418	6184
1344	6205
1532	6275
1336	6227
1368	6109
1362	6230
9186	9466
9215	9318
9346	9180
9426	9211
9306	9161
9325	9380
9400	9342
9219	9312
9460	9443
9361	9338
9353	9199
9325	9418
9243	9339
9393	9249
9431	9364
9277	9495
9333	9181
9153	9294
9318	9423
9330	9320
9305	9303
9349	9438
9245	9400
9399	9267
9299	9516
9445	9256
9527	9171
9474	9366
9342	9242
9269	9320
9341	9356
9297	9384
9440	9262
9211	9235
9370	9506
9341	9160
9343	9470
9412	9133
9378	9285
9094	9469
9414	9332
9408	9289
9330	9449
9402	9251
9120	9336
9225	9300
9357	9355
9455	9158
9201	9229
9328	9317
9268	9207
9338	9192
9312	9208
9257	9155
9181	9250
9274	9249
9334	9425
9231	9335
9344	9375
9429	9446
9462	9329
9140	9331
9280	9263
9387	9335
9240	9453
9393	9358
9459	9305
9200	9294
9338	9264
9274	9383
9439	9348
9193	9336
9288	9696
9449	9265
9295	9383
9288	9279
9481	9279
9321	9296
9289	9269
9169	9148
9420	9297
9305	9175
9315	9405
9411	9263
9086	9272
9408	9318
9425	9297
9297	9415
9502	9286
9405	9243
9208	9300
9313	9322
9310	9485
9245	9183
9236	9318
9344	9464
9477	9199
9399	9266
9336	9301
9330	9484
3209	8845
3107	8851
3126	8890
3199	8826
3323	8952
3214	8909
3251	8991
3279	9054
3009	8895
3142	8887
3250	8780
3151	8855
3117	8959
3334	9033
3335	9043
3282	8833
3218	8909
3528	9017
3313	9002
3107	8700
3282	8899
3343	8841
3170	9000
3341	9056
3182	8966
3256	8800
3124	8837
3175	8914
3099	8769
3309	9146
3342	8944
3148	9054
3340	8919
3267	8749
3188	8894
3321	8846
3164	8803
3218	9061
3320	9051
3343	8911
3344	8911
3366	9031
3207	8739
3252	8959
3157	8944
3243	8872
3275	8879
3331	9070
3093	9041
3290	8873
3506	9072
3254	8992
3229	9015
3250	9070
3083	9059
3264	9052
3343	8890
3172	8874
3253	9124
3220	9035
3208	9137
3391	9056
3254	8781
3236	8904
3404	8974
3118	9059
3224	8711
3085	8789
3063	8970
3151	9147
3416	8970
3252	8881
3139	9021
3129	8983
3285	8937
3283	8909
3341	8951
3038	9065
3070	9167
3191	8969
3250	8926
3154	8758
3307	8872
3176	8943
3218	8904
3068	8920
3306	8867
3233	8883
3166	8990
3415	8941
3215	8846
3226	8916
3226	8935
3189	9071
3190	9006
3326	8970
3029	8995
3348	9033
3368	8906
3218	9213
5706	6980
5586	7089
5606	6858
5462	7256
5479	6996
5570	7084
5351	7265
5743	6942
5606	7152
5580	7092
5608	7209
5495	7095
5459	7192
5745	7063
5529	7066
5434	7192
5475	7120
5628	7095
5541	7133
5688	7428
5489	7130
5675	7104
5582	7273
5697	7291
5600	7100
5576	7006
5550	7080
5651	7065
5573	7031
5601	7037
5565	7238
5718	7185
5485	7060
5584	7280
5794	7138
5518	7046
5655	7190
5543	7156
5651	7001
5577	7170
5752	7145
5604	7112
5496	6993
5746	7094
5654	6988
5641	7005
5622	7097
5515	7068
5449	7267
5641	7061
5769	7090
5616	7058
5710	7265
5597	6948
5696	7124
5494	7198
5634	7139
5490	7115
5560	7162
5636	6932
5654	7172
5565	7207
5762	7177
5573	7224
5509	7233
5451	7252
5675	7193
5781	6920
5554	7062
5630	7000
5550	6973
5580	7118
5637	7114
5551	6962
5632	7137
5427	7109
5576	7261
5584	7160
5622	7252
5707	7125
5674	7157
5651	7080
5586	7247
5623	7055
5603	7255
5538	7075
5553	7207
5514	7116
5404	7074
5579	7049
5640	7227
5502	7182
5468	7129
5678	7205
5476	7004
5505	7154
5586	6904
5782	7111
5631	7197
5483	7273
2481	7101
2270	7155
2374	6947
2265	6886
2545	6883
2454	7112
2338	7053
2411	7291
2358	7024
2368	6998
2560	6923
2422	7102
2425	7126
2401	7060
2305	7023
2498	6976
2381	7101
2358	7051
2584	7093
2263	7067
2305	6945
2434	7062
2318	7167
2353	7093
2312	6962
2357	6837
2358	6980
2451	6945
2410	7089
2428	6956
2392	7164
2378	7164
2231	6976
2497	7103
2392	7082
2432	6933
2318	6947
2396	7210
2430	6917
2367	7031
2323	7028
2474	7115
2350	7181
2366	6873
2382	7121
2357	7000
2525	7094
2437	7096
2540	6852
2267	7260
2489	7064
2472	6994
2418	6967
2402	6994
2382	6956
2467	7054
2281	7068
2583	6944
2476	7082
2226	7137
2366	7097
2440	7137
2457	6911
2322	6966
2390	7095
2500	6936
2602	7120
2432	7020
2414	7017
2240	7085
2334	6900
2329	7036
2239	7058
2256	7102
2447	6933
2261	6940
2399	7025
2509	6949
2343	7055
2436	7174
2402	6923
2443	7011
2385	6923
2549	7038
2451	7144
2268	6957
2477	6983
2501	6979
2467	6893
2538	6943
2443	7132
2330	7201
2280	7107
2503	7088
2355	7073
2247	7193
2359	6876
2296	6955
2202	6827
2339	7077
9467	2936
9608	2665
9496	2768
9804	2578
9615	2868
9753	2625
9514	2723
9617	2576
9561	2553
9655	2632
9493	2639
9288	2966
9752	2556
9444	2714
9588	2687
9622	2559
9463	2677
9640	2702
9482	2706
9664	2776
9631	2713
9641	2583
9277	2846
9644	2612
9494	2776
9547	2700
9396	2617
9489	2798
9665	2742
9501	2584
9651	2800
9536	2751
9581	2626
9580	2726
9576	2653
9534	2687
9640	2709
9494	2589
9403	2595
9589	2600
9491	2667
9420	2641
9469	2763
9496	2642
9653	2694
9641	2750
9565	2706
9764	2712
9509	2815
9723	2793
9373	2680
9748	2600
9665	2649
9494	2608
9482	2675
9503	2529
9659	2828
9808	2716
9542	2589
9658	2849
9493	2731
9403	2538
9478	2793
9503	2749
9675	2630
9597	2536
9656	2724
9646	2593
9480	2742
9503	2508
9495	2728
9559	2733
9688	2764
9515	2788
9606	2658
9487	2629
9629	2659
9786	2686
9658	2561
9344	2671
9404	2687
9376	2750
9593	2689
9693	2602
9514	2740
9568	2633
9481	2827
9719	2687
9424	2407
9539	2684
9658	2638
9566	2726
9793	2665
9535	2791
9614	2660
9622	2604
9664	2662
9643	2680
9590	2641
9409	2676
5887	534
5705	478
5796	591
5988	628
5965	631
5775	556
5847	782
5831	597
5745	707
5834	638
5847	596
5665	748
5952	555
5866	585
5754	513
5913	775
5865	721
5864	367
5988	686
5881	783
5818	465
5958	732
6008	556
5839	752
6103	707
5940	550
5758	729
5717	376
5918	822
5589	689
5960	476
6017	653
5936	584
5902	567
5879	616
5750	627
5883	696
5833	720
5918	490
6039	614
6090	704
5934	518
5952	657
6136	685
5820	742
5908	476
5962	551
5821	720
5629	622
5930	501
5940	701
5776	598
5897	729
6066	736
5756	643
5851	637
5918	885
6046	787
5988	708
5815	526
5855	631
5762	619
5935	647
6005	662
5978	637
5704	581
5962	470
5774	340
5730	463
5808	686
6008	395
5843	777
5921	465
5803	618
5892	697
5922	542
5816	569
5773	759
5923	439
5813	589
5798	676
5776	661
5872	595
5842	712
5865	682
5892	586
5818	579
5856	710
5820	602
5994	740
5888	545
6065	518
5762	620
6029	561
5774	609
5929	809
6008	613
5835	517
5930	644
5848	703
9226	8324
9040	8324
9403	8119
9249	8248
9172	8223
9181	8223
9186	8165
9158	8208
9316	8308
9120	8413
9248	8177
9297	8312
9145	8335
9125	8147
8969	8392
9312	8308
9184	8068
9240	8111
9133	8441
9318	8236
9359	8196
9097	8436
9160	8380
9165	8198
9285	8074
9112	8383
9206	8177
9220	8369
9153	8206
9298	8207
9266	8234
9140	8162
9173	8219
9153	8190
9299	8427
9300	8163
9205	8086
9127	8273
9097	8356
9190	8267
9192	8384
9111	8276
9160	8212
9364	8298
9109	8314
9372	8207
8920	8235
9245	8225
9228	8232
9216	8340
9413	8197
9259	8258
9287	8338
9335	8243
9346	8133
9165	8239
9233	8300
9162	8284
9272	8245
9169	8302
9144	8347
9288	8268
9298	8288
9136	8324
9238	8371
9266	8214
9238	8145
9270	8240
9036	8354
9182	8339
9323	8325
9257	8326
9319	8396
9101	8122
9336	8431
9190	8218
9279	8337
9182	8264
9127	8234
9179	8232
9359	8133
9189	8325
9298	8198
9284	8349
9549	8434
9266	8122
9255	8178
9196	8309
9157	8318
9142	8310
9120	8363
9346	8549
9421	8226
9144	8179
9287	8267
9170	8444
9257	8363
9308	8102
9235	8328
8966	8198
1814	6431
1813	6628
1957	6526
1745	6609
1835	6413
1998	6510
1658	6585
1762	6417
1813	6515
1792	6559
1931	6584
1988	6651
1847	6554
1860	6403
1856	6508
1813	6534
1930	6452
1930	6509
1803	6568
1903	6567
1700	6624
1884	6495
1754	6557
1908	6575
1764	6377
1694	6552
1823	6522
1957	6655
1926	6377
1760	6598
1678	6535
1816	6622
1868	6518
1985	6422
1829	6429
1894	6617
2108	6624
1750	6537
1793	6521
1811	6561
2024	6534
1820	6358
1761	6371
1944	6767
1634	6525
1757	6634
1913	6574
2035	6673
1767	6722
1801	6567
1896	6493
1879	6476
1968	6560
1825	6575
1783	6493
1832	6525
1856	6510
1833	6682
1757	6564
1918	6631
1831	6490
1862	6615
1785	6686
1976	6444
1911	6617
1927	6456
1881	6558
1860	6615
1911	6546
1654	6444
1877	6489
1880	6614
1935	6488
1814	6392
1851	6423
1786	6500
1720	6512
1770	6649
1847	6554
1919	6400
1685	6384
1722	6583
1687	6485
1881	6667
1923	6803
1899	6595
1855	6613
1851	6630
1780	6399
1980	6579
1724	6552
1673	6574
1662	6568
1837	6575
1842	6431
1783	6739
1796	6357
1895	6628
1961	6607
1728	6485
9590	1586
9432	1279
9421	1424
9304	1361
9328	1267
9281	1440
9714	1283
9655	1361
9467	1217
9468	1373
9349	1478
9349	1353
9333	1505
9232	1286
9327	1451
9303	1340
9628	1393
9665	1310
9713	1265
9529	1500
9339	1442
9569	1390
9582	1346
9484	1297
9598	1596
9749	1505
9513	1451
9448	1470
9523	1341
9395	1312
9554	1497
9427	1375
9465	1558
9566	1362
9666	1528
9444	1318
9499	1257
9519	1415
9558	1221
9353	1498
9508	1498
9644	1528
9494	1445
9566	1401
9462	1527
9351	1520
9344	1358
9379	1422
9557	1413
9675	1456
9387	1511
9584	1421
9615	1295
9508	1402
9723	1495
9436	1435
9256	1472
9314	1383
9586	1258
9402	1500
9383	1451
9579	1300
9476	1484
9478	1476
9486	1374
9454	1254
9380	1552
9608	1325
9610	1474
9619	1425
9577	1266
9591	1376
9201	1426
9474	1556
9431	1581
9400	1282
9454	1367
9745	1524
9315	1434
9359	1445
9406	1525
9287	1384
9470	1348
9464	1423
9408	1292
9611	1471
9418	1484
9373	1264
9227	1377
9391	1304
9384	1438
9397	1470
9189	1312
9701	1521
9348	1314
9440	1322
9451	1504
9551	1283
9566	1399
9245	1342
